100
2 4
10 5
3 12
7 7 7
3 12
4 2 1
5 1000000000
25 25 25 25 25
2 2
1 1
5 5
1 1 1 1 1
5 448257424
1 2 3 4 5
5 915742169
18 7 21 11 25
5 825850771
18 18 18 18 18
5 609998635
9 9 9 9 9
5 596053575
19 19 19 19 19
5 308885445
13 13 13 13 13
5 362695015
22 22 22 22 22
5 566264918
9 9 9 9 9
5 717720586
24 24 24 24 24
5 93247908
23 23 23 23 23
5 72536192
19 19 19 19 19
5 821738787
24 24 24 24 24
5 33471487
12 12 12 12 12
5 231377714
8 8 8 8 8
5 574568105
14 14 14 14 14
5 948626843
3 3 3 3 3
5 690164915
24 24 24 24 24
5 629619367
10 10 10 10 10
5 414720057
5 5 5 5 5
5 552557013
24 24 24 24 24
5 309412355
5 5 5 5 5
5 504290082
7 7 7 7 7
5 931620118
23 23 23 23 23
5 723538700
13 13 13 13 13
5 791879942
5 5 5 5 5
5 926672266
21 21 21 21 21
5 326899112
11 11 11 11 11
5 81352498
1 2 3 4 5
5 302134222
1 2 3 4 5
5 95640817
1 2 3 4 5
5 832591336
1 2 3 4 5
5 178106565
1 2 3 4 5
5 611083995
1 2 3 4 5
5 753060301
1 2 3 4 5
5 411718453
1 2 3 4 5
5 78398941
1 2 3 4 5
5 495428139
1 2 3 4 5
5 322037624
1 2 3 4 5
5 936406444
1 2 3 4 5
5 835445824
1 2 3 4 5
5 262294944
1 2 3 4 5
5 553540339
1 2 3 4 5
5 60250842
1 2 3 4 5
5 788388607
1 2 3 4 5
5 770229267
1 2 3 4 5
5 697355151
1 2 3 4 5
5 626516689
1 2 3 4 5
5 576311882
1 2 3 4 5
5 273156502
1 2 3 4 5
5 480135385
1 2 3 4 5
5 491698350
1 2 3 4 5
5 760084594
1 2 3 4 5
5 965067481
6 13 13 20 1
5 285142066
22 7 19 1 6
5 104214
13 25 18 15 13
5 173591772
15 7 14 1 15
5 501799498
10 6 6 13 18
5 640055571
21 19 10 24 7
5 289168229
24 20 16 19 23
5 250092368
3 25 4 10 5
5 288147347
3 11 1 23 10
5 368346213
5 25 9 19 24
5 233010827
15 18 16 1 1
5 58341026
8 22 4 23 12
5 780495361
20 16 4 17 22
5 712926035
25 13 23 2 23
5 690261206
2 20 15 7 2
5 546294680
25 3 6 15 4
5 980155171
1 15 24 3 11
5 995467748
25 16 10 20 20
5 585720516
16 17 13 18 11
5 110196427
14 8 4 10 6
5 965219648
3 12 13 16 17
5 943021338
7 8 25 7 1
5 68716379
16 10 22 8 15
5 738232459
3 25 16 12 19
5 643464769
1 24 13 9 11
5 702514796
20 1 25 6 16
5 546737455
24 23 24 18 1
5 104798423
23 24 3 5 25
5 53323976
1 21 7 24 18
5 104231706
16 22 20 18 16
5 450255981
10 25 9 15 21
5 948960464
1 16 10 25 12
5 70677656
5 5 3 19 3
5 542822367
11 13 24 14 9
5 674890045
7 6 24 8 2
5 209087292
6 8 24 12 3
5 410639041
8 21 8 16 9
5 253969038
19 1 25 15 1
5 651436338
19 25 20 2 11
5 510551102
13 11 20 9 12
5 676369615
22 7 3 14 13
5 607272198
6 18 12 24 20
